ncols	20
nrows	1000
xllcorner	0
yllcorner	0
cellsize	100
NODATA_value	-9999
1	1	1	1	1	1	1	1	1	1	1	1	1	1	1	1	1	1	1	1
1	1	1	1	1	2	1	1	1	1	1	1	1	1	1	1	1	1	1	1
2	1	1	1	1	1	1	1	1	2	1	1	1	1	1	2	1	1	2	1
1	1	1	2	1	1	1	1	1	1	1	1	1	1	1	2	1	1	1	1
1	1	1	1	1	1	1	1	1	1	1	1	1	1	1	1	1	1	1	1
1	1	1	1	1	2	1	1	1	1	1	1	1	1	1	1	1	1	1	1
2	1	1	1	1	1	1	2	1	1	1	1	1	1	1	1	1	1	1	2
1	1	1	2	1	1	1	1	1	1	1	1	1	1	1	1	1	1	1	2
1	1	1	1	1	1	1	1	1	1	1	1	1	1	1	1	1	1	1	1
2	1	1	1	1	2	1	1	1	2	1	1	1	1	1	1	1	1	1	1
1	1	1	1	1	1	1	2	1	1	1	1	1	1	1	1	2	1	1	1
1	1	1	1	1	1	1	1	1	1	2	1	2	1	1	1	1	1	1	1
1	1	1	1	1	1	1	1	1	1	1	1	1	1	1	1	1	1	1	1
1	1	1	1	1	1	1	1	1	1	1	1	1	1	1	1	1	1	1	1
1	1	1	1	1	1	1	1	1	1	1	1	1	1	2	1	1	1	1	2
1	1	1	1	1	1	1	1	1	1	1	1	1	1	1	1	2	1	1	1
2	1	1	1	1	1	1	1	1	1	1	1	1	1	1	1	1	2	1	1
1	1	1	1	1	1	1	1	1	1	1	1	1	1	1	1	1	1	1	1
1	1	1	1	1	1	1	1	1	1	1	1	1	1	1	1	1	1	1	1
1	2	1	1	1	1	1	1	1	1	1	1	2	1	2	1	2	1	1	1
2	1	1	1	1	1	1	1	1	1	1	1	1	1	1	1	1	2	1	1
1	1	1	1	1	1	1	2	1	1	1	1	1	1	1	1	1	1	1	1
1	1	1	1	1	1	1	1	1	1	1	1	1	1	1	1	1	1	1	1
1	1	1	1	1	1	1	1	1	1	1	1	1	1	1	1	1	1	1	1
1	1	1	1	1	1	1	1	1	1	1	1	1	2	1	1	1	1	1	1
1	1	1	1	1	1	1	1	1	1	1	1	1	1	2	1	1	1	2	1
1	1	1	1	1	1	1	1	1	1	1	1	1	1	1	1	1	1	2	1
2	1	1	1	1	1	1	1	1	1	1	1	2	1	2	1	1	1	1	1
1	1	1	1	1	1	1	1	1	1	1	1	1	1	1	1	1	2	1	1
2	2	1	1	1	1	1	2	1	1	1	1	1	1	2	1	1	1	1	1
1	1	1	1	1	1	1	1	1	1	1	2	1	1	1	1	1	2	2	2
1	1	1	1	1	1	1	1	1	1	1	1	1	1	1	1	1	1	1	1
1	1	1	1	1	1	2	1	1	1	1	1	1	1	2	1	1	1	1	1
1	1	1	1	1	1	1	1	1	1	1	1	1	1	1	1	1	2	1	1
1	1	1	1	1	1	1	1	1	1	1	1	1	1	2	1	1	1	2	1
1	1	1	1	1	1	1	1	2	1	1	1	1	2	1	1	1	1	1	1
1	1	1	2	1	1	1	1	1	1	1	1	1	1	1	1	1	1	1	1
1	1	1	1	1	1	1	1	1	1	1	1	1	1	1	1	2	1	1	1
1	1	1	1	1	1	1	1	2	1	1	1	1	1	1	1	1	1	1	1
1	1	1	1	2	1	1	1	2	1	1	1	1	1	1	1	1	1	1	1
1	1	1	2	2	1	1	1	1	1	1	1	1	1	1	1	1	1	2	1
1	1	1	1	1	1	1	1	1	1	1	1	1	1	1	1	1	1	2	2
1	1	1	1	1	1	2	1	1	1	1	1	1	1	2	1	1	1	1	2
1	1	1	1	1	1	1	1	1	1	1	1	1	1	1	1	1	1	1	1
1	1	1	1	1	1	1	1	1	1	1	1	1	1	1	1	1	1	1	1
1	1	1	1	1	2	1	1	1	1	1	1	1	1	1	1	1	1	1	1
1	1	2	1	1	2	1	2	2	1	1	1	1	1	2	1	1	1	1	1
1	1	1	1	2	2	1	2	1	1	1	1	1	1	1	1	1	1	1	1
1	1	1	1	1	1	1	1	1	1	1	1	1	1	1	2	1	1	1	1
1	1	1	1	1	1	1	1	1	1	1	1	1	1	1	1	1	1	1	1
1	1	2	1	1	1	1	2	2	1	1	1	1	1	1	1	1	1	1	1
1	1	1	1	1	1	1	1	1	1	1	1	1	1	1	1	1	2	1	1
1	1	1	1	1	1	1	2	1	2	1	1	1	1	1	1	1	1	1	1
1	1	1	1	1	1	1	1	2	1	1	1	1	1	1	2	1	1	2	1
2	1	1	1	1	2	1	1	1	1	1	1	1	1	1	1	1	1	1	2
1	1	1	1	1	1	1	1	2	1	1	1	1	1	2	1	1	1	1	1
1	1	1	1	1	1	1	1	1	1	1	1	1	1	1	1	1	1	1	1
1	1	1	1	1	1	1	1	1	1	1	1	1	1	1	1	1	1	1	1
1	1	1	1	1	1	1	2	2	1	1	1	1	1	1	1	2	1	1	1
1	1	1	1	1	1	1	1	1	1	1	1	1	1	1	1	1	1	1	2
1	1	2	1	1	1	2	2	1	1	1	1	1	1	1	1	1	1	1	1
1	1	1	1	1	1	1	1	1	1	1	1	1	1	1	1	1	1	1	1
1	1	2	1	1	1	1	1	1	1	2	1	1	1	1	1	1	1	1	1
2	1	1	1	1	1	1	1	1	1	1	1	1	1	1	1	1	1	1	1
1	1	1	1	1	1	1	1	1	1	1	1	1	1	1	1	1	1	1	1
1	1	1	1	1	1	1	1	1	1	1	1	1	1	1	2	1	1	1	1
1	1	1	1	1	1	1	1	1	1	1	1	1	1	2	1	1	1	1	1
2	1	1	1	1	2	1	1	1	1	1	1	1	1	1	1	1	1	1	1
1	1	1	1	1	1	1	1	1	1	2	1	1	1	1	1	1	1	1	1
1	1	1	1	1	1	1	1	1	1	1	1	1	1	1	1	1	1	1	1
1	1	1	1	1	2	1	1	1	1	2	1	1	1	1	1	1	1	1	1
1	1	1	1	1	1	1	1	1	1	1	2	1	1	1	1	2	2	1	1
1	1	1	1	1	1	1	1	2	1	1	1	1	1	1	1	1	1	1	1
1	1	1	1	1	1	1	1	1	1	1	1	1	1	1	1	1	1	1	1
1	1	1	1	1	1	1	1	1	1	1	1	1	1	1	1	1	1	1	1
1	1	1	1	1	1	1	1	1	1	1	1	2	1	1	1	1	1	1	1
1	1	1	1	1	1	1	1	2	1	1	1	1	1	1	1	1	1	1	1
2	1	1	1	1	1	1	1	1	1	1	1	1	1	1	1	1	2	1	1
1	1	1	1	1	1	1	1	1	1	1	1	1	1	1	1	1	1	2	1
1	1	1	1	2	1	1	1	1	1	1	1	1	1	1	2	1	1	1	1
1	1	1	1	1	1	1	1	1	2	1	1	1	1	1	1	1	1	1	1
1	1	1	1	1	1	1	1	1	1	1	1	1	1	1	1	1	1	1	1
1	1	1	1	1	2	1	1	1	1	1	1	1	1	1	1	1	1	1	1
1	1	1	1	1	1	1	1	1	1	1	1	1	1	1	1	1	1	1	1
1	1	1	1	1	1	1	1	1	2	1	1	1	1	1	1	1	2	1	1
1	2	1	1	1	1	1	1	1	1	1	1	1	1	1	1	1	1	1	1
1	1	1	1	2	1	1	2	1	1	1	1	2	1	1	1	1	1	2	1
1	1	1	1	1	1	1	1	1	1	1	1	1	1	2	1	1	1	2	1
1	1	1	1	1	1	1	1	1	1	1	1	1	1	1	1	1	1	1	1
1	1	1	1	1	1	1	2	1	1	1	2	1	1	1	1	1	1	1	1
1	1	1	1	1	1	1	1	1	2	1	1	1	1	1	1	1	1	1	1
1	1	1	1	1	1	1	1	1	1	1	1	1	1	1	1	1	1	1	1
1	1	1	1	1	1	2	1	1	1	2	1	1	1	1	1	1	1	1	1
1	1	1	2	1	2	1	1	1	1	1	1	1	1	1	1	1	1	1	1
1	1	2	1	1	1	1	1	1	1	1	1	1	1	1	1	1	1	1	1
1	1	1	1	1	1	1	1	1	1	1	1	1	1	1	1	1	1	1	1
1	1	1	1	1	1	1	1	1	1	1	1	1	1	1	1	2	1	1	1
1	1	1	1	1	1	1	2	1	1	2	1	2	1	1	1	1	1	1	1
1	1	1	2	1	1	1	1	1	1	1	1	1	1	1	1	1	1	1	2
1	1	1	1	1	1	1	1	1	1	1	2	1	1	1	1	1	1	1	1
1	1	1	1	1	1	1	1	1	1	1	2	1	2	1	1	1	1	1	1
1	2	1	1	1	1	1	1	1	1	1	1	1	1	1	1	1	1	1	1
1	2	1	1	1	1	1	1	1	1	1	1	1	1	1	1	1	1	1	1
1	1	1	2	1	1	1	1	1	1	1	1	1	1	1	1	1	1	1	1
1	2	1	1	1	1	1	1	1	2	1	1	1	1	2	1	1	1	1	1
1	1	1	1	1	1	1	1	1	1	1	1	1	1	1	1	1	1	1	1
1	1	1	2	1	1	1	1	1	1	1	1	1	1	1	1	1	1	1	2
1	1	1	2	1	1	1	1	1	2	1	1	1	1	1	1	1	1	1	1
1	1	1	1	1	1	1	1	1	1	1	1	2	1	1	1	1	1	1	1
1	1	1	1	1	1	2	1	1	1	1	1	1	1	2	1	1	1	1	1
1	1	1	1	1	1	1	1	1	1	1	1	1	1	2	1	1	1	1	1
1	1	1	1	1	1	1	1	1	1	1	1	1	1	1	2	1	1	1	1
2	1	1	1	1	1	1	1	1	1	1	1	1	1	1	1	1	2	2	1
1	1	1	1	1	1	1	1	1	2	2	1	1	1	1	1	1	1	1	1
1	1	1	1	1	2	1	1	1	1	1	1	1	1	1	1	1	1	1	1
1	1	1	1	1	1	1	1	1	2	1	1	1	1	1	1	1	2	1	2
1	1	1	1	1	1	1	1	1	1	1	1	1	1	1	1	1	1	1	1
1	1	1	1	1	1	1	1	1	1	1	1	1	1	1	1	1	1	1	1
1	1	1	1	1	1	1	1	1	1	1	1	1	1	1	1	1	1	1	1
1	1	1	1	1	1	1	1	1	1	1	1	1	1	1	1	1	1	1	2
1	2	1	1	1	1	1	1	1	1	1	1	1	1	1	1	1	1	1	1
1	1	1	1	1	1	1	1	1	1	1	2	1	1	1	1	1	1	1	1
1	1	1	1	1	1	1	1	1	1	1	1	1	1	1	1	1	1	1	1
1	1	1	1	1	1	1	1	1	1	1	1	1	1	1	1	1	1	1	1
1	1	1	1	1	1	1	2	1	1	1	2	1	1	1	1	1	1	1	2
1	2	2	2	1	1	1	1	1	1	1	1	1	1	1	1	1	1	1	1
1	1	1	1	1	1	1	1	1	1	1	1	1	1	1	1	1	1	1	1
1	1	1	1	1	1	1	1	1	1	1	2	1	1	1	1	2	1	1	1
1	1	1	1	1	1	1	1	1	1	1	1	1	1	1	1	1	1	1	1
1	1	2	1	1	1	1	1	1	1	1	1	1	1	1	1	1	1	1	1
1	1	1	2	1	2	1	1	1	1	1	1	1	1	1	1	1	1	1	1
1	1	1	2	1	1	2	1	1	1	1	1	1	1	1	1	1	1	1	1
1	1	1	1	1	1	1	1	1	1	2	1	1	1	1	1	1	1	1	1
2	1	1	1	1	2	1	1	1	1	1	1	1	1	1	1	1	1	1	1
1	1	1	1	1	1	1	1	1	1	1	1	1	1	1	1	1	2	1	1
1	1	1	2	1	1	1	2	1	1	1	2	1	1	1	1	1	1	1	1
1	1	1	1	1	1	1	1	1	1	1	1	1	1	1	2	1	1	1	1
1	1	1	1	1	1	1	1	1	1	1	1	1	1	1	1	2	1	1	1
1	1	1	1	1	1	1	1	1	1	1	1	1	1	1	1	1	1	1	1
1	1	1	1	2	1	1	1	1	1	2	1	1	1	2	1	1	1	1	1
1	1	1	2	1	1	1	1	1	1	1	1	1	1	1	1	1	1	1	1
1	1	1	1	1	1	1	1	1	1	1	1	1	1	1	1	1	1	1	1
1	1	1	1	1	1	1	1	1	1	1	2	1	2	1	1	1	1	1	1
1	1	1	1	1	1	1	1	1	1	1	1	1	1	1	1	1	1	1	2
1	1	1	1	1	1	2	1	2	1	1	1	1	1	1	2	1	1	1	1
1	1	1	2	1	2	1	1	1	1	1	1	1	1	1	1	1	1	2	1
1	1	1	1	1	1	1	1	1	1	1	1	1	1	1	1	1	1	1	1
1	1	1	1	1	1	1	1	1	1	1	1	1	1	2	1	1	2	1	1
1	1	1	1	1	1	1	1	2	1	2	1	1	1	1	1	1	2	1	1
1	1	1	1	1	1	1	1	1	1	1	2	1	1	1	1	1	1	1	1
2	1	1	1	1	1	1	1	1	2	1	1	1	1	2	1	1	1	1	1
1	1	1	1	1	1	1	2	1	1	2	1	1	1	1	1	1	2	1	1
1	1	1	1	1	1	1	1	1	2	1	1	1	1	1	1	1	1	1	1
1	1	1	1	1	1	1	1	1	1	1	1	1	1	1	1	2	1	1	1
1	1	1	2	1	1	1	1	2	1	2	1	1	1	1	2	1	2	1	1
1	1	1	1	1	1	1	1	1	1	1	1	1	1	1	1	1	1	1	1
2	1	1	1	1	1	1	1	1	1	1	1	1	1	1	1	1	1	1	1
1	1	1	1	1	1	1	1	1	1	1	1	1	1	1	1	1	1	1	1
1	1	2	1	1	1	1	1	1	1	1	2	1	1	1	2	1	1	1	1
2	2	1	1	1	2	1	1	1	1	1	1	1	1	1	1	1	1	1	1
2	1	1	1	2	1	1	1	1	1	1	1	1	1	1	1	1	1	1	1
1	1	1	1	1	1	1	1	1	1	1	1	1	1	1	1	1	1	1	1
1	1	1	1	2	1	1	2	1	1	1	1	1	1	1	1	1	1	1	1
1	1	1	1	1	1	1	1	2	1	1	1	1	1	1	1	2	1	1	1
1	1	1	1	1	1	1	1	1	1	1	1	1	1	1	1	1	1	2	1
1	1	2	1	1	1	2	1	1	1	1	1	1	1	1	1	2	1	1	1
1	1	1	1	1	1	1	1	1	1	1	1	1	1	1	1	2	1	1	1
1	1	2	1	1	1	1	1	1	1	1	1	1	1	1	1	1	2	1	1
1	1	1	1	1	1	1	1	1	1	1	1	1	1	2	1	1	2	1	1
1	1	1	2	1	2	1	1	1	1	1	1	1	1	1	1	1	1	1	1
1	1	1	1	1	1	1	1	1	2	1	1	2	1	1	1	1	1	1	1
1	1	1	1	1	1	1	2	1	1	1	1	1	1	1	1	1	2	1	1
1	1	1	1	1	1	1	1	1	1	1	1	1	1	1	1	1	1	1	1
1	1	1	1	1	1	1	1	1	1	1	1	1	1	1	1	1	1	1	1
2	2	1	2	1	1	1	1	1	1	1	1	1	1	1	1	1	1	1	1
1	1	1	1	1	1	1	1	1	1	1	1	1	2	2	1	2	1	1	1
1	1	1	1	1	1	1	1	1	1	1	1	1	1	1	1	1	1	1	1
1	1	1	2	1	2	1	1	1	1	1	1	2	1	1	1	1	1	1	1
1	1	1	1	1	1	1	1	1	1	1	1	2	1	1	1	1	1	1	1
1	1	1	1	1	1	1	2	1	1	1	1	1	1	1	1	1	1	1	1
1	1	1	1	1	1	1	1	1	1	1	1	1	1	1	1	1	1	2	1
1	1	1	1	1	1	1	1	1	1	1	1	1	1	1	1	1	1	1	1
1	1	1	1	1	1	1	1	1	1	1	1	1	1	2	1	1	1	1	1
1	1	1	1	1	1	1	1	1	1	1	1	1	1	1	1	1	1	1	1
1	1	1	1	1	1	1	1	1	1	1	2	2	1	1	1	1	1	1	1
1	1	1	1	1	1	1	1	1	1	1	1	1	1	1	1	2	1	1	1
1	1	1	1	1	1	1	1	1	1	1	1	1	1	1	1	2	2	1	1
1	1	1	2	1	1	1	1	1	1	1	1	1	1	1	1	1	1	1	1
1	1	2	1	1	1	1	1	1	1	1	1	1	1	2	1	1	1	1	1
1	1	1	1	1	2	1	1	1	1	1	1	1	1	1	1	1	1	2	1
1	1	1	1	1	1	1	1	1	1	1	1	1	1	1	1	1	2	1	1
2	1	1	1	1	1	1	2	1	1	2	1	1	1	1	1	1	1	1	1
1	1	1	1	1	1	1	1	1	1	1	2	1	1	1	1	1	1	1	1
1	1	1	1	1	1	1	1	1	1	1	1	1	1	2	1	1	1	1	1
1	1	1	1	1	1	1	1	1	1	1	1	2	2	1	1	1	1	1	1
1	1	1	1	1	1	1	1	1	1	1	1	1	1	1	1	1	1	1	1
1	1	1	1	1	1	1	1	1	1	1	1	1	1	1	2	1	2	1	1
1	1	1	1	1	1	1	1	1	2	2	1	1	1	1	1	1	2	1	1
1	1	1	1	1	1	1	1	1	1	1	1	1	1	1	1	1	1	1	2
1	1	1	1	1	1	2	1	1	1	1	1	1	2	1	1	1	1	2	1
1	1	1	1	1	1	1	1	1	1	1	2	1	1	1	1	1	1	1	1
1	1	1	1	1	1	1	1	1	1	1	1	1	1	1	1	1	1	1	1
1	1	1	1	1	1	1	1	1	2	1	1	1	1	1	1	1	1	1	1
1	1	1	1	1	1	1	1	1	1	1	1	1	1	1	1	1	2	1	1
1	1	1	1	1	1	1	1	1	1	1	1	1	1	1	1	1	1	2	1
1	1	1	1	1	1	1	1	1	1	1	1	1	1	1	1	1	1	1	1
1	1	1	1	1	1	1	1	1	2	1	1	1	1	1	1	1	2	1	1
1	1	1	1	1	1	1	1	2	1	1	1	1	1	1	1	1	1	1	2
1	1	2	2	1	1	1	1	1	1	1	1	1	1	1	1	1	1	1	1
1	1	1	1	1	1	1	1	2	1	1	1	1	1	1	1	1	1	1	1
2	1	2	1	1	1	1	2	1	1	1	1	1	1	1	1	1	1	1	1
1	1	1	1	1	1	1	1	1	1	1	1	1	1	1	1	1	1	1	1
1	1	1	2	1	1	1	1	1	1	1	1	1	1	1	1	1	1	1	1
1	2	1	1	1	1	1	1	1	1	1	1	1	1	1	1	1	1	2	1
1	1	1	1	1	1	1	1	1	1	1	1	1	1	1	1	1	1	1	1
1	1	1	1	1	1	1	2	1	1	1	1	2	1	1	1	1	1	1	1
1	1	1	1	1	1	1	1	1	1	1	1	1	1	1	1	1	1	1	1
1	1	1	1	1	2	1	1	1	1	1	1	1	1	1	1	1	1	1	1
1	1	1	1	1	2	1	1	1	1	1	1	1	1	1	1	1	1	1	1
1	1	1	1	1	1	1	1	1	1	1	1	1	1	1	1	1	1	1	2
1	1	1	1	1	1	1	1	1	1	1	1	1	1	1	1	1	1	1	1
1	1	2	1	1	1	1	1	1	1	1	1	1	1	1	1	1	1	2	1
1	1	1	1	1	1	1	1	1	1	1	1	1	1	1	1	1	1	1	1
1	1	1	1	1	1	1	1	1	1	1	1	1	2	1	2	1	1	1	1
1	1	2	1	1	1	1	1	1	1	1	1	1	1	1	1	1	2	2	1
1	1	1	1	1	1	1	1	1	1	1	1	1	1	2	1	1	1	1	1
1	1	2	1	1	1	1	1	1	1	1	1	1	1	1	1	1	1	1	2
1	1	1	1	1	1	1	1	1	1	1	1	1	1	1	1	1	1	1	1
1	1	1	1	2	1	1	1	1	2	1	1	2	1	1	1	1	1	1	1
1	1	2	1	2	2	1	1	1	1	1	1	1	1	1	1	1	1	1	2
1	1	1	1	1	2	1	1	1	1	2	1	1	1	2	1	1	1	1	1
1	2	2	1	1	1	1	1	1	2	1	1	1	1	2	1	1	1	1	2
1	1	1	1	1	1	1	1	1	1	1	1	1	1	1	1	1	1	1	2
1	1	1	1	1	1	1	1	1	1	1	1	1	1	1	1	1	1	1	2
1	1	1	1	1	1	1	1	1	1	1	1	1	1	1	1	1	1	1	1
1	1	1	1	1	1	1	1	1	1	1	1	1	2	1	1	1	1	1	1
2	1	1	1	1	1	1	2	1	1	1	1	1	1	1	1	1	1	1	1
1	1	1	1	1	1	1	1	1	1	1	1	1	2	1	1	1	1	1	2
1	1	1	1	1	1	1	1	1	1	1	1	1	1	1	1	2	1	1	1
1	1	1	1	1	2	1	1	2	1	1	1	1	1	1	1	1	1	1	1
1	1	1	1	1	1	1	1	1	1	1	1	1	1	1	1	1	1	1	1
1	1	1	1	1	1	1	1	1	1	1	1	1	1	1	1	1	1	1	1
2	1	2	1	1	1	1	1	1	1	1	1	1	1	1	1	1	1	1	1
2	1	1	1	1	1	1	1	1	1	1	1	1	1	1	1	1	1	1	1
1	1	1	1	1	1	1	1	1	1	1	1	1	1	1	1	1	1	1	1
1	1	1	1	1	1	1	1	1	1	1	1	1	2	1	1	2	1	1	1
2	1	1	1	1	1	1	1	1	1	1	1	1	1	1	1	1	1	1	1
1	1	1	1	1	1	1	1	1	1	1	1	1	1	2	1	1	2	1	1
1	1	1	1	1	1	1	1	1	1	1	1	1	1	1	1	1	1	1	1
1	1	1	1	1	2	1	1	1	1	1	1	1	1	1	1	1	1	1	1
1	1	1	1	1	1	1	1	1	1	1	2	1	1	1	1	1	1	1	1
1	1	1	1	1	1	1	1	1	1	1	1	1	1	1	1	1	1	1	1
1	2	1	1	1	1	1	1	1	1	1	1	1	1	1	2	1	1	2	1
1	2	1	1	2	1	1	1	1	1	1	1	1	1	1	1	1	1	1	1
1	1	1	1	1	1	1	1	1	1	2	1	1	1	1	1	1	1	1	1
1	1	1	1	1	1	2	1	1	1	2	1	1	1	1	1	1	1	1	1
1	2	1	1	1	1	1	2	1	1	1	1	1	1	1	1	1	1	1	1
1	2	1	1	2	1	1	1	1	1	1	1	1	1	1	2	1	1	1	1
1	1	1	1	1	1	1	1	1	1	2	1	1	1	1	1	1	1	1	1
1	1	1	1	1	1	1	1	1	1	1	1	1	1	1	1	1	1	1	1
1	1	1	1	1	1	1	1	1	1	1	1	1	1	1	1	1	1	1	1
1	1	1	1	1	1	1	1	1	1	1	1	1	1	1	1	1	1	1	1
1	1	1	1	1	1	1	1	1	1	1	1	1	2	1	2	1	2	1	1
1	1	1	1	1	1	1	1	1	1	1	1	1	1	2	2	1	1	2	1
1	1	1	1	1	1	1	2	1	1	1	1	1	1	1	1	1	1	1	1
1	1	1	1	1	1	1	1	1	1	1	1	1	1	2	1	1	2	1	1
2	1	1	1	1	2	1	1	1	1	1	1	1	1	1	1	1	1	1	1
1	1	1	1	1	1	1	1	1	1	1	1	1	1	1	1	1	1	1	1
1	1	1	1	1	1	1	1	1	1	1	2	1	1	1	1	1	1	1	2
1	2	1	1	1	1	1	1	1	1	1	1	1	1	1	1	1	1	1	1
1	1	1	1	1	1	1	1	1	1	1	1	1	1	1	1	1	1	1	2
1	1	1	1	1	1	1	2	1	1	1	1	1	1	1	1	1	1	1	1
1	1	1	1	1	1	1	1	1	1	1	1	1	1	1	1	1	1	1	1
1	1	1	1	1	1	1	1	1	1	2	1	1	2	1	1	1	1	1	1
1	1	1	1	1	1	1	1	1	1	1	2	2	1	1	2	1	1	1	1
1	1	1	1	1	1	1	1	1	1	1	1	1	1	1	1	1	1	1	2
1	1	1	1	1	1	1	1	1	1	1	2	1	1	1	1	1	1	1	1
1	1	1	1	1	1	1	1	1	1	1	1	1	1	1	1	1	1	1	1
1	1	1	1	1	1	1	2	1	2	1	1	1	1	1	1	1	1	1	1
1	1	1	1	1	1	2	1	1	1	1	1	1	1	1	1	1	1	1	2
1	1	1	1	1	1	1	1	1	1	1	1	1	1	1	1	1	1	2	1
1	1	1	1	1	1	1	1	1	1	1	1	1	1	1	1	1	1	2	1
1	1	1	1	1	1	2	1	1	1	1	1	1	1	1	1	1	1	1	1
1	1	1	1	1	1	1	1	1	1	1	2	1	1	1	1	1	1	1	1
1	1	1	1	1	1	1	1	1	1	1	1	1	1	1	1	1	1	1	1
1	1	1	1	1	1	1	1	1	2	2	1	1	1	1	2	1	1	2	1
1	2	1	1	1	1	1	1	1	1	1	1	1	1	1	1	1	1	1	1
1	1	1	2	1	1	1	1	1	1	1	1	1	1	1	1	1	1	1	1
1	1	1	1	1	1	1	2	1	1	1	1	1	1	1	1	1	1	2	1
1	1	1	1	1	1	1	1	1	2	1	1	1	1	1	1	1	1	1	1
2	1	1	1	1	1	1	1	1	1	1	1	1	1	1	1	1	1	1	2
1	1	1	1	1	1	1	1	1	1	1	1	1	2	1	1	1	2	2	1
1	1	1	1	1	1	1	1	1	1	2	1	1	1	1	1	1	1	1	1
1	1	1	1	1	1	1	2	1	1	1	1	1	1	1	1	2	1	1	1
2	1	1	1	1	1	1	1	1	2	1	1	1	2	1	2	1	1	1	1
1	1	1	1	2	1	1	1	1	2	1	1	1	1	1	1	1	2	1	1
1	1	1	1	1	1	1	1	1	1	1	1	1	1	1	1	1	1	1	1
1	1	1	1	1	1	1	1	1	1	1	1	1	2	1	1	1	1	1	1
1	1	1	1	1	1	1	1	2	1	1	1	1	1	1	1	1	1	1	1
1	1	1	1	1	1	1	1	2	2	1	1	1	1	1	1	1	1	1	1
1	1	1	2	1	1	1	1	1	1	1	1	1	1	1	1	2	1	1	1
1	1	1	1	1	1	1	1	1	1	1	1	1	1	1	1	1	1	1	2
2	1	1	1	1	1	1	1	1	2	1	1	1	1	1	1	1	1	1	1
1	1	1	1	1	1	1	1	1	2	1	1	1	1	1	2	1	1	1	1
1	1	1	1	1	1	1	1	1	1	1	1	1	1	1	1	1	1	1	1
2	1	1	1	1	1	1	1	2	1	1	1	2	1	1	1	1	1	2	1
1	1	1	1	1	1	1	1	1	1	1	1	1	1	1	1	1	1	1	1
1	1	1	1	1	1	1	1	1	1	1	1	1	1	2	1	1	1	1	1
2	1	1	1	1	1	1	1	1	1	1	1	1	1	1	1	1	1	1	1
1	1	1	1	1	1	1	1	1	1	1	1	1	1	1	1	1	2	1	1
1	1	1	1	1	2	1	1	1	1	1	1	1	1	1	1	1	1	1	1
1	1	1	1	1	1	1	1	2	1	1	1	1	1	1	1	1	1	1	1
1	1	1	1	1	1	1	1	2	1	1	1	1	1	1	1	1	1	1	1
1	1	1	1	1	2	1	1	1	1	1	1	1	1	1	1	1	1	2	1
1	2	1	1	1	1	1	1	1	1	1	1	1	1	2	1	1	1	1	1
1	1	1	1	1	2	1	1	1	1	1	1	1	1	1	1	1	1	1	1
1	1	1	1	1	1	1	1	1	1	1	1	1	1	1	1	1	1	1	1
1	1	1	1	1	1	1	1	1	1	2	1	1	1	1	1	1	1	1	1
1	1	1	1	1	1	2	1	1	1	1	1	1	1	1	1	1	1	1	1
1	1	1	1	1	1	1	1	1	1	1	1	1	2	1	1	1	1	1	1
1	1	1	1	1	1	1	1	1	1	1	1	1	1	1	1	1	1	1	1
1	1	2	1	1	1	1	1	1	1	2	1	1	1	1	1	1	1	1	1
1	1	1	1	1	1	1	1	1	1	1	1	1	1	1	1	1	1	1	1
1	1	1	1	1	1	1	1	1	1	1	1	1	1	2	1	1	1	1	1
1	1	1	1	1	1	1	1	1	2	1	1	1	1	1	1	1	1	1	1
1	1	1	1	1	2	2	1	1	1	2	1	1	1	1	1	1	1	2	1
1	1	1	1	1	1	1	1	1	1	2	1	1	1	1	1	1	1	1	1
1	1	1	1	1	1	1	1	1	1	1	1	1	1	2	1	1	1	1	1
1	1	1	1	1	1	1	1	1	1	1	1	2	2	1	1	1	1	1	1
1	1	1	1	1	1	1	2	1	1	1	1	1	1	1	1	1	1	1	1
1	1	1	1	1	1	1	1	1	1	1	1	1	1	1	1	2	2	1	1
1	1	1	1	1	1	1	1	1	1	1	1	1	1	1	1	1	1	2	1
1	1	1	1	1	1	1	1	1	1	1	2	1	1	1	1	1	1	1	1
1	1	1	1	1	1	2	1	1	1	1	1	1	1	1	1	1	1	1	1
1	1	1	1	1	1	1	2	1	1	1	1	1	1	1	2	1	1	2	1
1	1	1	2	1	1	1	1	1	1	1	2	1	1	1	1	1	1	1	1
1	1	1	1	1	2	1	1	1	1	1	2	1	1	1	1	1	1	1	1
1	1	1	1	1	1	1	1	1	1	1	2	1	1	1	1	1	1	1	1
1	1	1	1	1	2	1	1	1	2	2	1	1	1	1	1	1	1	1	1
1	1	1	1	1	1	1	2	1	1	1	1	1	2	1	1	1	1	1	1
1	1	1	1	1	1	1	2	1	1	1	1	1	1	1	1	1	1	1	1
1	1	1	2	2	1	1	1	1	1	1	1	1	1	1	1	1	1	1	1
1	1	1	1	2	1	2	1	1	1	1	1	1	1	1	1	1	1	1	1
1	2	1	1	1	1	1	1	1	1	1	1	1	2	1	1	1	1	1	2
1	1	1	1	1	1	1	1	1	1	1	1	1	1	1	1	2	1	1	1
1	1	1	1	1	1	1	1	1	1	1	1	1	1	1	1	1	1	1	1
1	1	1	1	1	1	1	1	1	1	1	1	1	1	2	1	1	1	1	1
1	1	1	1	1	1	1	1	1	1	1	1	1	1	1	1	1	1	1	1
1	2	1	1	1	1	1	1	1	1	1	1	1	1	1	1	1	1	1	1
1	1	1	1	1	1	1	1	1	2	1	1	1	1	1	1	1	1	2	1
1	1	1	1	1	1	1	1	1	1	1	1	1	1	2	2	1	1	1	1
1	1	1	1	1	2	1	1	1	1	1	1	1	1	1	1	1	1	1	1
1	2	1	1	1	1	1	1	1	1	1	1	1	1	1	1	1	1	1	1
1	1	1	1	1	1	1	1	1	1	1	1	1	1	1	1	2	1	1	1
1	1	1	1	1	1	1	1	1	1	1	1	1	1	1	1	1	1	2	1
2	1	1	1	1	1	1	1	1	2	1	1	1	1	2	1	1	1	1	1
1	1	1	1	1	2	1	1	1	1	1	1	1	1	1	1	2	1	1	1
2	1	1	1	1	2	1	1	1	1	2	1	1	1	1	1	1	1	1	1
1	1	2	1	1	1	1	1	1	1	1	1	1	1	1	1	1	1	1	2
1	1	1	1	1	1	1	1	1	1	1	1	1	1	1	1	1	1	1	1
1	1	1	1	2	1	1	1	2	1	1	1	1	1	1	1	1	1	2	1
1	1	1	2	1	1	1	1	1	1	1	2	1	1	1	1	1	1	2	1
1	1	1	1	1	1	1	1	1	1	1	2	1	1	1	1	1	1	2	1
1	1	1	2	1	1	1	1	1	2	1	1	1	1	1	1	1	1	1	1
1	1	2	1	1	1	1	1	1	1	1	1	1	1	1	1	1	1	1	1
1	1	1	1	1	1	1	1	2	1	2	1	1	1	2	2	1	1	1	1
1	1	1	1	1	1	1	1	1	1	1	1	1	1	2	2	1	1	1	1
1	1	2	1	1	1	1	1	1	1	1	1	2	1	1	2	1	1	1	1
1	1	1	2	1	1	1	1	1	1	1	2	1	2	1	2	1	1	1	1
1	1	1	1	1	1	1	1	1	1	1	2	2	1	1	1	1	2	2	1
1	1	1	1	1	1	1	1	1	2	1	1	1	1	2	1	1	1	1	1
1	1	1	1	1	1	1	1	1	1	1	1	1	1	1	1	1	1	1	1
1	1	1	1	1	1	1	1	1	1	1	2	1	1	1	1	1	1	1	1
1	1	2	1	1	1	2	1	1	1	1	1	1	1	1	1	1	1	1	1
1	1	1	1	1	1	1	1	1	1	1	1	1	1	1	1	1	1	2	2
1	1	1	1	1	1	1	1	1	2	1	1	1	1	1	1	1	1	1	1
2	1	1	1	1	1	1	1	1	1	1	1	1	1	1	2	1	1	1	1
1	1	1	1	1	1	1	1	1	1	1	1	1	1	1	1	1	1	1	1
1	1	1	2	1	1	1	1	1	1	1	1	1	1	1	1	1	1	1	1
1	1	1	1	1	1	1	2	1	2	1	1	1	1	2	1	1	1	1	1
1	1	1	2	1	1	1	1	1	1	1	2	1	1	1	1	1	1	1	1
1	1	1	1	1	1	1	1	1	1	1	1	1	1	1	1	1	1	1	1
1	1	1	1	1	1	1	1	1	1	1	1	1	1	1	1	1	1	1	1
1	1	1	1	1	1	1	1	1	1	1	1	1	1	1	1	1	1	1	1
1	1	1	1	1	1	1	1	1	1	1	2	1	1	1	1	1	1	1	1
1	1	1	1	1	1	1	1	1	1	1	1	1	1	1	1	1	1	1	1
1	1	1	1	1	1	1	1	1	1	1	1	1	1	1	1	2	1	1	1
1	1	1	1	1	1	1	1	1	1	1	1	1	1	1	1	1	2	1	1
1	1	1	1	1	1	1	1	1	1	1	1	1	1	2	1	1	1	1	1
1	1	1	1	1	1	1	1	1	1	1	1	1	1	1	1	2	1	2	1
1	1	1	1	1	1	1	1	1	1	1	2	2	1	1	1	1	1	1	1
2	2	1	1	1	1	1	2	1	2	2	1	1	1	1	1	1	1	1	1
1	1	1	1	1	1	1	1	1	1	1	1	1	1	1	1	1	1	1	1
1	1	1	1	2	1	1	1	1	1	1	1	1	1	1	1	1	1	1	2
1	1	1	2	1	1	1	2	1	1	1	1	1	1	1	1	1	1	1	1
2	1	1	1	1	1	2	1	1	1	1	1	1	1	1	1	2	1	1	1
1	1	1	2	1	1	1	1	1	1	1	1	2	1	1	1	1	1	1	1
1	1	1	1	1	1	2	1	1	1	1	1	1	1	1	1	1	1	1	1
1	1	1	1	2	2	1	1	1	1	1	1	1	1	1	1	1	1	1	1
1	2	1	1	1	1	2	1	1	1	1	1	1	1	1	1	1	1	1	1
1	1	1	1	1	1	1	1	2	1	2	1	1	2	2	1	1	1	1	1
1	1	1	1	2	1	1	1	1	1	2	1	1	2	1	1	1	1	1	1
1	1	2	1	1	1	1	1	1	2	1	1	1	1	1	1	1	1	1	1
1	1	1	1	1	1	1	1	1	1	1	1	1	1	1	2	1	1	1	1
1	1	1	1	1	1	1	1	1	1	1	2	1	1	1	1	1	1	1	1
1	1	1	1	1	1	1	1	1	1	1	1	1	1	1	1	2	1	1	1
1	1	1	1	1	1	1	1	1	1	1	1	1	1	1	1	2	1	1	1
1	1	1	1	1	1	1	1	1	1	1	1	1	1	1	1	1	1	1	2
1	1	1	1	1	1	1	1	1	1	1	1	1	1	1	1	1	1	1	1
1	1	1	1	1	1	1	2	1	1	1	1	1	1	1	1	1	1	1	1
1	1	1	1	1	1	1	1	2	1	2	1	1	1	1	1	1	1	1	1
1	1	1	1	1	1	1	1	1	1	1	1	1	1	1	1	1	1	2	1
1	2	1	1	1	1	1	1	1	1	1	1	1	1	1	1	1	1	1	1
1	1	1	1	1	1	1	2	1	1	1	1	1	1	1	1	1	1	1	1
1	1	1	1	1	1	1	2	1	1	1	1	1	1	1	1	1	1	1	1
1	2	1	1	1	1	1	1	1	1	1	1	1	1	1	1	1	1	1	1
1	1	1	1	1	1	1	1	1	1	1	1	1	1	1	1	1	1	1	1
1	1	1	1	1	1	1	1	1	1	1	1	1	1	1	1	1	1	1	1
1	1	1	1	1	1	1	1	2	1	1	1	1	1	1	1	1	1	2	1
2	1	1	1	1	1	1	1	1	1	1	1	1	1	1	1	1	1	1	1
1	1	1	1	1	2	1	1	1	1	1	1	1	1	1	1	1	1	1	1
1	1	1	1	1	1	1	1	1	2	1	1	1	2	1	1	1	1	1	1
1	1	1	1	1	1	1	1	1	1	1	1	1	1	1	1	2	1	1	1
1	1	1	1	1	1	1	1	1	1	1	1	1	1	1	1	1	1	1	1
1	1	1	1	1	1	2	1	1	1	1	1	1	1	1	1	1	1	1	2
1	1	1	1	1	1	1	2	1	1	1	1	1	1	1	1	1	1	1	1
1	1	1	1	1	2	1	1	1	2	1	1	1	1	1	1	1	1	1	1
1	1	1	1	1	1	1	1	1	1	1	1	1	1	1	1	1	1	1	1
1	1	1	1	1	1	1	1	1	1	2	1	1	1	1	1	1	1	2	1
1	2	1	1	1	1	1	1	1	1	2	1	1	1	1	1	1	1	1	1
1	1	1	1	1	1	2	1	2	1	1	1	2	1	1	1	1	1	1	1
1	1	1	2	1	1	1	1	1	1	2	1	1	1	1	1	1	1	1	1
1	1	1	1	1	1	2	1	1	2	1	1	1	1	1	1	1	1	2	1
1	1	1	1	1	1	2	1	1	1	1	1	1	1	2	1	1	1	1	1
1	1	1	1	1	2	1	1	1	1	1	1	1	1	1	1	1	1	1	2
1	1	1	1	1	1	1	1	1	1	1	1	1	1	1	1	1	1	1	1
1	1	1	1	1	1	2	1	1	1	1	1	2	1	1	1	1	1	1	1
1	1	1	1	1	1	1	1	1	1	1	1	1	1	1	1	1	1	1	1
1	1	1	1	1	2	1	1	1	1	1	1	1	1	1	1	2	1	1	1
1	1	1	1	1	1	1	1	1	1	1	1	1	1	1	1	1	1	1	2
1	1	1	1	1	1	1	1	1	1	1	1	1	1	1	1	1	1	1	1
1	1	2	1	1	1	1	1	1	1	1	1	1	2	1	1	1	1	1	1
1	2	1	1	2	1	1	2	1	1	1	1	1	1	1	1	1	1	1	1
1	1	1	1	2	1	1	1	1	1	1	1	1	1	1	1	1	1	1	1
1	1	2	2	1	1	1	1	2	1	1	1	1	1	1	1	1	1	1	1
1	1	1	1	1	1	1	1	1	1	1	1	1	1	1	1	1	1	1	1
1	1	1	1	1	2	1	1	1	1	1	1	1	2	1	1	1	1	1	1
1	2	1	1	2	1	1	1	1	1	1	1	1	1	1	1	1	1	1	1
1	1	2	1	1	1	1	1	1	2	1	1	1	1	1	1	1	1	1	1
1	1	1	1	1	1	1	1	1	1	1	1	1	1	1	1	1	1	1	1
1	1	1	1	1	1	1	1	1	1	1	1	1	1	1	1	2	1	1	1
1	1	1	2	1	1	1	1	1	1	1	1	1	1	1	1	2	1	1	1
1	1	1	1	1	1	1	1	1	1	1	2	1	1	1	1	1	1	1	1
1	1	1	1	1	1	1	1	1	1	1	1	1	1	1	1	1	1	1	1
1	1	2	1	1	1	1	1	1	2	1	1	1	1	1	1	1	1	1	2
1	1	1	1	1	1	1	1	1	1	1	1	1	1	2	1	1	1	1	2
1	1	1	1	1	1	1	1	1	1	1	1	1	1	1	2	1	1	1	1
2	1	2	1	1	1	2	2	1	1	1	1	1	1	1	1	1	1	1	2
1	1	1	1	1	1	1	1	1	1	1	1	1	1	1	1	1	1	1	1
1	1	1	1	2	1	1	1	1	1	1	1	1	1	1	1	1	1	1	1
1	1	1	1	1	1	2	1	1	1	1	1	1	1	1	1	1	1	1	1
1	1	1	1	1	1	1	1	1	1	1	1	1	1	1	1	1	1	1	1
2	1	1	1	1	1	1	2	1	2	2	1	1	1	1	1	1	1	1	1
1	1	1	1	2	1	1	1	1	1	1	1	1	1	1	1	2	1	1	1
1	1	1	1	1	1	1	1	1	1	1	1	1	1	1	1	1	1	2	1
1	1	1	1	1	1	1	1	1	1	1	1	1	1	1	1	1	1	1	1
1	1	1	1	1	1	2	1	1	1	1	1	1	1	1	1	1	1	1	1
1	1	1	1	1	1	1	1	1	1	1	1	1	1	1	1	1	1	1	1
1	1	1	2	1	1	1	2	1	1	1	2	1	1	1	1	1	1	2	1
1	1	1	1	2	1	1	1	1	2	1	1	1	1	1	1	1	2	1	1
1	1	1	1	1	1	1	1	2	1	1	1	2	1	2	1	1	1	1	1
1	1	1	1	1	1	1	1	1	1	1	1	1	1	1	1	1	1	1	1
1	1	1	1	1	1	1	1	1	1	1	1	1	1	1	1	1	1	1	1
1	1	2	1	1	1	1	1	1	1	1	1	1	1	1	1	1	1	2	1
1	1	1	1	1	1	1	1	1	1	1	1	1	1	1	2	1	1	1	1
1	1	1	2	1	1	1	2	1	1	1	1	1	1	1	1	1	1	1	1
1	2	1	1	1	1	1	1	1	2	1	1	1	1	1	1	1	1	1	1
1	1	1	2	1	1	1	1	1	1	2	1	1	1	1	1	1	1	1	1
1	1	1	1	1	1	2	1	1	1	1	1	1	1	1	1	1	1	1	1
1	1	2	1	1	1	1	1	1	1	1	1	1	1	1	1	1	1	1	1
1	1	1	2	1	1	2	1	1	1	1	1	1	1	1	1	1	1	1	1
1	2	1	1	1	1	1	1	1	2	1	2	1	2	1	1	1	1	1	1
1	1	1	1	1	1	1	1	1	1	1	1	1	1	1	1	1	1	1	1
1	1	1	1	2	1	1	1	2	1	1	1	1	1	1	1	1	1	1	1
1	1	1	1	1	1	1	1	1	1	1	1	1	1	1	1	1	1	1	1
2	1	1	1	1	1	1	2	1	1	1	1	1	1	1	1	1	1	1	1
1	1	1	1	2	1	1	1	1	1	1	1	1	1	1	1	1	1	1	1
1	1	1	1	1	1	1	2	1	1	1	1	1	1	1	1	1	1	1	1
1	1	1	1	1	1	1	1	1	1	1	1	1	1	1	1	1	1	1	1
1	1	1	1	1	1	1	1	1	1	1	1	1	1	1	1	1	1	2	1
1	1	1	1	1	1	1	1	1	1	2	1	1	1	1	1	1	1	1	1
1	1	1	1	1	1	1	1	1	1	1	1	1	1	1	1	1	1	1	1
1	1	1	1	1	1	2	1	1	1	1	1	2	1	1	1	1	1	1	1
1	1	1	1	1	1	1	1	1	2	1	1	1	1	1	2	1	1	1	1
1	1	1	1	1	1	1	2	1	1	1	1	1	1	1	1	1	1	1	1
1	1	1	1	1	1	1	1	1	1	2	1	1	1	1	1	1	1	2	1
1	1	1	1	1	1	1	1	1	1	2	1	1	1	1	1	1	1	1	1
1	2	1	1	1	1	1	1	1	1	1	1	1	1	1	2	1	1	1	1
1	1	1	2	1	1	1	1	1	1	1	1	1	1	1	1	1	1	1	2
1	1	1	1	1	1	1	1	1	1	1	1	1	1	1	1	1	1	1	2
2	1	1	1	1	1	1	1	1	1	1	1	1	1	1	1	1	1	1	1
1	1	1	1	1	1	1	2	1	1	1	1	1	1	1	1	1	1	1	1
1	1	1	1	1	2	1	1	1	1	2	1	1	2	1	1	1	1	1	2
1	1	1	2	1	1	1	1	1	1	1	1	1	1	1	1	1	1	1	1
2	1	1	1	1	2	1	1	1	1	1	1	2	1	1	1	1	1	1	1
1	1	1	1	1	1	1	1	1	1	1	1	1	1	1	1	1	1	1	1
1	1	1	1	1	1	1	1	1	1	1	1	1	1	1	1	2	1	1	1
1	1	1	1	1	1	1	1	1	1	2	1	1	1	1	2	2	1	1	1
2	1	1	1	1	1	1	1	2	1	1	1	1	1	1	1	1	1	1	1
1	1	1	1	1	1	1	1	1	1	1	1	2	1	1	1	1	1	1	1
1	1	1	1	1	1	1	1	1	1	1	1	1	1	1	1	1	1	1	1
1	1	1	1	1	1	1	1	1	2	1	1	1	1	1	1	1	1	1	1
1	1	1	1	1	1	1	1	1	1	2	1	1	1	2	2	1	1	1	1
1	1	1	1	1	1	1	1	1	1	1	1	1	1	1	1	1	1	1	1
1	1	1	1	2	1	1	1	1	1	1	1	2	1	1	1	1	1	1	1
1	1	1	1	1	1	1	1	1	1	1	1	1	1	1	1	1	1	1	1
1	2	1	1	1	1	1	1	1	1	1	1	1	1	1	1	1	1	2	1
1	1	1	1	1	1	1	2	1	1	1	1	1	1	1	1	1	1	1	1
2	1	1	1	1	1	1	1	1	1	1	2	1	1	1	1	1	1	1	1
1	1	1	1	1	1	1	1	1	1	1	1	1	1	1	1	2	1	1	1
1	1	1	1	1	2	1	1	1	1	1	1	1	1	1	1	1	1	1	2
1	1	1	2	1	1	1	1	1	1	1	1	1	1	1	1	2	1	1	1
2	1	1	1	2	1	1	1	1	1	1	1	1	1	1	1	1	1	1	1
1	2	1	1	2	1	1	1	1	1	1	1	1	1	1	1	2	1	1	1
1	1	1	1	1	1	1	1	1	1	1	1	1	1	1	1	1	1	1	1
1	1	1	2	1	1	1	1	1	1	2	1	1	1	1	1	1	1	1	1
1	1	1	1	1	1	2	1	1	1	1	1	1	1	1	1	1	1	1	1
1	1	1	1	1	1	1	1	2	1	1	2	1	1	1	1	1	1	1	1
1	1	1	2	1	1	1	1	1	1	1	1	1	1	1	1	1	1	1	1
1	2	1	1	1	1	1	2	1	1	1	1	1	1	1	1	1	1	1	1
1	1	1	1	1	1	1	1	1	1	1	1	1	1	1	1	1	1	1	1
1	1	1	1	1	1	1	1	1	1	1	1	1	1	1	1	1	1	1	1
1	1	1	1	1	2	2	1	1	1	1	1	2	1	1	1	1	1	1	1
1	1	1	1	1	1	1	1	1	1	1	1	1	1	1	1	1	1	1	1
1	1	1	1	1	1	1	1	2	1	2	1	1	1	1	1	2	1	1	1
1	1	2	1	1	1	1	1	1	1	1	1	1	1	1	1	1	1	1	1
2	1	1	1	1	1	1	1	1	1	1	1	1	1	1	1	1	1	2	1
1	1	1	1	1	1	1	1	1	1	1	1	2	1	1	1	1	1	1	1
1	1	1	1	2	1	1	1	1	1	1	1	1	1	1	1	1	1	1	1
1	1	1	1	1	1	1	1	1	1	1	1	1	2	1	2	1	1	1	1
1	1	1	2	1	1	2	1	1	1	1	1	1	1	1	1	1	1	1	1
1	1	1	1	1	1	1	1	1	1	2	1	1	1	1	1	1	1	1	1
1	1	1	1	1	1	1	1	2	1	1	1	2	1	1	1	1	1	1	1
1	1	1	1	1	1	1	1	1	1	1	1	1	1	1	1	1	1	1	1
1	1	1	1	1	1	1	1	1	1	1	1	1	1	1	1	1	1	1	1
2	1	1	1	2	1	1	1	1	1	1	1	1	1	1	1	1	1	2	1
1	2	1	1	1	1	1	1	1	2	1	1	1	1	2	2	1	1	1	1
1	1	1	1	1	2	1	1	1	1	1	1	1	1	1	1	1	1	1	1
2	1	1	1	1	1	1	1	1	1	1	1	1	1	1	1	1	1	1	1
1	1	1	1	1	1	2	1	1	1	1	1	1	1	1	1	1	1	2	1
1	1	1	1	1	1	1	1	1	1	1	1	1	1	1	1	1	1	1	1
1	1	1	1	1	1	1	1	1	1	1	1	1	1	1	1	2	1	1	1
1	1	1	1	2	1	1	1	1	1	1	1	1	1	1	1	1	2	1	2
1	1	1	1	1	1	1	1	1	1	1	1	1	1	1	1	1	2	1	1
1	1	1	1	1	1	1	1	1	1	1	1	1	1	1	1	1	1	1	1
2	1	1	1	1	1	2	1	1	1	1	1	1	1	1	1	1	1	2	1
1	1	1	1	1	1	1	1	1	1	1	1	1	1	1	1	1	1	2	1
1	1	1	1	1	1	1	1	1	1	1	1	1	1	1	1	1	1	1	1
1	1	1	1	1	1	1	1	1	1	1	1	1	1	1	1	1	1	1	1
1	1	1	1	1	2	1	1	1	2	1	1	1	1	1	1	1	1	1	1
1	1	2	1	1	2	1	1	1	1	2	1	1	1	1	1	2	1	1	1
1	1	1	1	1	1	1	1	1	1	1	1	1	1	1	1	1	1	1	1
1	1	1	1	1	1	1	1	1	1	1	1	1	1	1	1	2	2	1	1
1	1	1	1	1	1	1	1	1	1	1	1	2	1	2	1	1	1	1	1
1	1	1	1	1	1	1	1	1	2	1	1	1	1	1	1	1	2	1	1
1	1	1	1	1	1	1	1	1	1	1	1	1	1	1	1	1	1	1	1
1	1	1	1	1	1	1	1	1	1	1	2	1	1	1	1	1	1	1	1
1	1	1	1	1	1	2	1	1	1	1	1	1	1	1	2	1	2	1	1
2	1	1	1	1	1	1	1	1	1	1	1	1	1	1	1	1	1	1	1
1	1	1	1	1	1	1	1	1	1	1	1	1	1	1	1	1	1	1	1
1	1	1	1	1	1	1	1	1	1	1	1	1	1	1	1	1	1	1	1
1	1	1	1	1	1	1	1	1	1	1	1	1	1	1	1	1	2	1	1
1	1	1	1	1	1	1	2	1	2	1	1	2	1	1	1	1	1	1	1
1	1	1	1	1	1	1	1	1	1	1	1	1	1	1	1	1	1	1	1
1	1	1	1	1	1	2	1	1	1	2	1	1	1	1	1	1	1	1	1
1	2	1	1	1	1	2	1	1	1	1	1	1	1	1	1	2	1	1	2
1	1	1	1	1	1	1	1	2	1	1	1	1	1	1	1	1	1	1	1
1	2	1	1	1	1	1	1	1	1	1	1	1	1	1	1	1	2	1	1
1	1	1	1	1	1	1	1	1	1	1	1	1	1	1	1	1	1	1	1
1	1	1	1	1	1	1	1	1	1	1	1	1	1	1	1	1	1	1	1
2	1	1	1	1	1	1	1	2	1	1	1	1	1	2	1	1	1	1	1
1	1	1	1	1	1	1	1	1	1	2	1	1	1	1	1	1	1	1	1
1	1	1	1	1	2	1	1	1	1	1	1	1	1	1	1	1	2	1	1
1	1	1	1	1	1	1	1	1	1	2	2	1	1	1	1	1	1	2	1
1	1	1	1	1	1	1	1	1	1	1	1	1	1	1	1	1	1	1	1
1	1	1	1	1	1	1	1	1	1	1	1	1	1	1	1	1	1	1	1
1	1	1	2	1	1	2	1	1	1	1	1	1	1	1	1	1	1	1	1
1	1	1	1	1	1	1	1	1	1	1	1	1	1	1	2	1	1	1	1
1	1	1	1	1	1	1	1	1	1	1	2	1	1	1	1	1	1	2	1
1	1	2	1	1	1	1	1	1	1	1	1	1	1	1	2	1	1	1	1
1	1	1	1	1	1	1	1	1	1	1	1	1	1	1	1	1	1	1	1
1	1	1	1	1	1	1	1	1	1	1	1	1	1	1	1	1	1	1	1
1	1	1	1	1	1	1	1	1	1	1	1	1	1	1	1	1	2	1	1
1	1	1	1	1	1	1	1	1	1	1	2	2	1	1	1	1	1	1	1
1	1	1	1	1	1	1	1	1	1	1	1	1	1	1	1	1	1	1	1
2	2	1	1	1	1	1	1	1	1	1	1	1	1	1	1	1	1	1	1
1	1	1	1	1	1	1	1	1	2	1	1	1	1	2	1	1	1	1	1
1	1	1	2	1	1	1	2	1	1	1	2	1	1	1	1	1	1	1	1
1	1	1	1	1	1	1	1	1	1	1	1	2	1	1	1	2	1	1	1
1	1	2	1	1	2	1	1	1	1	1	1	1	1	2	1	1	1	1	1
1	1	1	1	1	2	1	1	1	1	1	1	1	1	1	1	1	1	1	1
1	2	1	1	1	1	1	1	1	1	1	1	1	1	1	1	2	1	2	1
1	1	1	1	1	1	1	1	1	1	1	1	1	1	1	1	1	1	1	1
1	1	1	1	1	1	1	1	1	1	1	1	1	1	1	1	1	2	1	1
1	1	1	2	1	1	1	1	1	1	1	1	1	1	1	1	1	1	1	1
1	1	1	1	1	2	2	2	1	1	1	1	1	1	1	1	1	1	2	1
2	1	1	1	1	1	1	2	1	1	1	1	1	1	1	1	1	1	2	1
1	1	1	1	1	1	1	1	1	1	1	1	1	1	1	1	1	1	2	1
1	1	2	1	1	1	1	2	1	1	1	1	1	1	1	1	1	2	1	1
1	1	1	1	1	1	1	1	1	1	1	1	1	1	1	1	1	1	1	1
1	1	1	1	1	1	1	1	1	1	1	1	1	2	1	1	1	2	1	1
1	1	1	1	2	1	1	1	1	1	1	1	1	1	1	1	2	1	1	1
1	1	1	1	2	1	1	1	1	2	1	1	1	2	1	1	1	1	1	1
2	1	1	1	1	1	1	1	1	1	2	1	2	1	1	1	1	1	2	1
1	1	1	1	1	1	1	1	1	1	1	1	1	1	1	1	1	1	1	1
1	1	2	1	1	1	1	1	1	1	1	1	1	1	1	1	1	1	1	1
1	1	1	1	1	1	1	1	1	1	2	1	1	1	1	1	1	1	1	1
1	1	1	1	1	1	2	1	1	1	1	1	1	1	1	1	1	1	1	1
1	1	1	1	1	1	1	1	1	1	1	1	1	1	1	1	1	1	1	1
1	1	1	1	2	1	1	1	1	1	1	1	1	2	2	1	1	1	1	1
1	1	1	1	1	1	1	1	2	1	1	1	1	1	1	1	1	1	1	1
1	1	1	1	1	1	1	2	1	1	1	1	1	1	1	1	1	1	1	1
1	1	2	1	2	1	1	1	1	1	1	1	1	1	1	1	1	1	1	1
1	1	1	1	1	1	1	1	1	1	1	1	1	1	1	1	1	1	1	1
1	1	1	1	1	1	1	1	1	1	1	1	1	1	1	1	1	1	1	1
1	1	1	1	1	1	1	1	1	1	1	2	1	1	1	1	1	1	1	1
1	1	1	1	1	1	1	1	1	1	1	1	1	1	1	1	1	1	1	1
1	1	1	1	1	2	2	1	1	1	1	1	1	1	1	1	1	1	1	1
2	1	2	1	1	1	1	1	1	1	1	1	1	1	1	1	1	1	1	1
1	1	1	2	1	1	1	1	1	1	1	1	1	1	1	1	1	1	1	1
1	1	1	1	1	1	1	1	1	1	1	2	1	1	1	1	1	1	1	1
1	1	2	2	1	1	1	1	1	1	1	1	1	1	1	1	1	1	1	1
1	1	1	1	1	2	1	1	1	1	1	1	1	1	1	1	1	1	1	1
1	1	1	1	1	1	1	1	1	1	1	1	1	1	1	1	1	1	1	1
2	1	1	2	1	1	1	1	1	1	1	1	1	1	1	1	1	1	1	1
1	2	1	1	1	1	1	1	1	1	1	1	1	1	1	1	1	1	1	1
1	1	1	1	1	1	1	1	1	1	1	1	1	1	1	1	1	1	1	1
1	1	1	1	1	1	1	1	1	1	1	1	1	1	1	1	1	1	1	1
1	1	1	1	1	1	1	1	1	1	2	1	1	1	1	1	1	1	1	1
1	1	1	1	2	1	1	1	1	1	1	1	1	1	1	1	2	1	1	1
1	1	2	2	1	1	1	1	1	1	1	1	1	1	1	1	1	1	1	1
1	1	1	1	1	1	1	1	1	1	1	1	1	1	1	1	1	1	1	1
1	1	2	1	2	1	1	1	1	1	1	1	2	2	1	1	1	1	1	1
1	1	2	1	1	1	1	1	1	1	1	1	1	1	1	1	1	1	1	1
1	1	1	1	1	1	1	1	1	1	1	2	1	1	1	1	2	1	1	2
1	1	1	1	1	1	1	1	1	1	1	1	1	1	1	1	1	1	1	1
1	1	1	1	1	1	1	1	1	1	2	1	1	1	1	1	1	1	1	1
1	2	1	1	1	1	1	1	1	1	1	1	1	1	1	1	1	1	2	1
1	1	1	1	1	1	1	1	1	1	1	1	1	1	2	1	1	1	1	1
1	1	2	1	1	1	1	1	1	1	1	1	1	1	1	1	1	1	1	1
1	1	1	2	1	1	1	2	1	1	1	1	1	1	1	1	1	1	2	1
2	1	1	1	1	1	1	1	1	1	1	1	1	1	1	1	1	1	1	1
2	1	1	1	1	1	1	1	1	1	1	1	2	1	1	1	1	1	1	2
2	1	1	2	1	1	1	1	1	1	1	1	1	1	1	1	1	1	1	1
1	1	1	1	1	1	1	1	1	1	1	2	1	1	1	1	2	1	1	1
1	1	1	1	1	1	1	1	1	1	1	1	1	1	1	1	1	1	1	1
1	1	1	1	1	1	1	1	1	1	1	1	1	1	1	1	1	1	1	1
1	1	1	1	1	1	1	1	1	1	1	1	1	1	1	1	1	1	1	1
1	1	1	1	1	1	2	1	1	1	1	1	1	1	1	1	1	1	1	1
1	1	2	1	2	1	1	1	1	1	1	1	1	1	2	1	1	1	1	1
1	1	1	1	1	1	1	1	1	2	1	1	1	1	1	1	1	1	1	1
1	1	1	1	1	1	1	1	1	1	1	1	1	1	1	1	1	2	1	1
1	1	1	1	1	1	1	1	1	1	1	1	1	2	1	1	1	1	1	1
1	1	1	1	1	1	1	1	1	1	1	1	1	1	1	1	1	1	1	1
1	1	2	1	1	1	1	1	1	1	1	1	1	1	2	1	1	1	1	1
1	1	2	1	1	1	2	1	2	1	1	1	1	1	1	1	1	2	1	1
1	1	1	1	1	1	1	2	1	1	1	2	1	1	1	1	1	1	1	1
1	1	1	1	1	1	1	1	2	1	1	1	1	1	1	1	1	1	2	1
1	1	1	1	1	2	1	1	1	1	2	1	1	1	1	1	1	1	1	1
1	2	1	2	1	1	1	1	2	1	1	1	1	1	2	1	1	1	1	1
1	1	1	1	1	1	1	1	1	1	1	1	1	1	1	2	1	1	1	1
1	1	1	1	1	1	1	1	1	1	1	2	1	1	1	1	1	1	1	1
1	1	1	1	1	1	1	1	1	1	1	1	1	1	1	1	1	1	1	1
1	1	1	1	1	1	1	1	1	1	1	1	1	1	1	1	1	1	1	2
1	1	1	1	1	1	1	1	2	1	1	1	1	2	1	1	1	1	1	1
1	1	1	1	1	1	1	1	1	1	1	1	1	1	1	1	1	1	1	1
1	1	1	1	1	1	1	2	1	1	1	1	1	1	1	1	1	1	1	1
1	1	1	1	1	1	1	1	1	1	1	1	1	1	1	1	1	1	1	1
1	1	1	1	1	1	1	1	1	1	1	1	1	1	1	1	1	1	1	2
1	2	1	1	1	1	1	1	1	1	1	1	1	1	1	2	1	1	1	1
1	1	1	1	1	1	1	1	1	1	1	1	1	1	1	1	1	1	1	1
1	1	1	1	1	1	1	1	1	1	1	1	1	1	2	1	1	1	2	1
1	1	1	1	1	1	1	1	1	1	1	1	1	1	1	1	1	1	1	1
1	1	1	1	1	1	1	1	1	1	1	1	1	1	1	1	1	1	1	1
1	1	1	1	1	1	1	1	1	1	1	1	1	1	1	1	1	1	1	1
1	1	1	1	1	1	1	1	1	1	1	1	1	1	1	1	1	1	1	1
1	1	1	1	1	1	1	1	1	1	1	1	1	1	1	1	1	1	1	1
1	1	2	1	1	1	1	1	1	1	1	1	1	1	1	1	1	1	1	1
2	1	1	1	1	1	1	2	1	1	1	1	1	1	1	1	1	1	1	1
1	1	1	1	1	1	1	1	1	1	1	1	1	1	1	1	1	1	1	1
1	1	1	1	1	1	1	1	1	1	1	1	1	1	1	1	1	1	1	1
1	1	1	1	1	1	1	1	1	1	1	1	1	1	1	1	1	1	1	1
1	1	1	1	1	2	1	1	1	1	1	1	1	1	1	1	1	1	1	1
1	1	1	1	1	1	1	1	1	1	1	1	1	1	2	1	1	1	1	1
1	1	1	1	1	1	1	1	1	1	1	1	1	1	1	1	1	1	2	1
1	1	1	1	1	1	1	1	1	1	1	1	1	1	1	1	1	1	1	1
1	1	1	1	1	1	1	1	1	1	2	1	1	1	1	1	1	1	1	1
1	1	1	1	2	1	2	1	1	1	1	1	2	2	1	1	1	1	1	1
1	1	1	1	1	1	1	1	2	1	1	1	1	1	1	1	1	1	1	1
1	1	2	1	1	1	1	1	1	1	1	1	1	1	1	1	1	1	1	1
1	1	1	1	2	1	1	2	1	1	1	1	1	1	1	1	1	2	1	1
2	1	2	1	1	1	1	2	1	1	1	1	1	1	1	1	1	1	2	1
1	1	1	1	1	1	1	1	2	1	1	1	1	1	1	1	1	1	1	1
1	1	1	1	1	1	1	1	1	1	1	1	1	1	1	1	1	1	1	1
1	1	1	1	1	1	1	1	1	1	1	1	1	1	1	1	1	1	1	1
1	1	1	1	1	2	1	1	1	1	2	1	1	1	1	1	1	1	1	1
1	1	1	1	1	1	1	1	1	1	1	1	1	1	1	1	1	1	1	1
1	1	1	2	1	1	1	1	2	1	1	1	1	1	1	1	1	1	1	1
1	1	1	1	1	1	1	1	1	1	1	1	1	1	1	2	1	2	1	1
1	1	1	1	1	1	1	1	1	1	1	1	1	1	1	1	1	1	1	1
1	1	1	1	1	1	1	1	1	1	1	2	1	1	1	2	1	1	1	1
1	2	1	1	1	1	1	1	1	1	1	1	1	1	1	1	1	1	1	1
1	1	2	1	1	1	1	1	1	1	1	1	1	1	1	1	2	1	1	1
1	1	1	1	1	1	1	1	1	1	2	1	1	1	1	2	2	1	1	1
2	1	1	1	1	1	1	1	1	1	1	1	1	1	1	1	1	1	1	1
1	1	1	1	1	1	1	1	1	1	1	1	1	1	1	1	1	1	1	1
1	1	1	1	1	1	1	1	1	2	1	1	1	1	1	1	1	1	1	1
1	1	1	2	1	1	1	1	1	1	1	1	1	1	1	1	1	1	1	1
1	1	1	2	1	1	1	1	1	1	1	1	1	1	1	1	1	1	2	2
1	1	1	1	1	1	1	1	1	1	1	1	1	1	1	1	1	1	1	1
1	1	1	1	1	1	1	1	2	1	1	1	1	1	1	1	1	1	1	1
1	1	1	1	1	1	1	1	1	1	1	1	2	1	2	1	1	1	1	1
1	1	1	1	1	1	1	1	1	1	2	1	1	1	1	2	1	1	1	1
1	1	1	1	1	1	1	1	1	1	1	1	1	1	1	1	1	1	1	1
1	1	1	1	1	1	1	1	1	1	1	1	2	1	1	1	1	2	1	1
1	1	1	2	1	1	1	1	1	1	2	1	1	1	1	1	1	1	1	1
1	1	1	1	1	1	1	1	1	1	1	1	1	1	1	1	1	1	1	1
1	1	1	1	1	2	1	1	1	1	1	1	1	1	1	1	1	1	1	1
1	1	1	1	1	1	1	1	1	1	1	1	1	1	1	1	1	1	1	1
1	2	1	1	1	1	1	1	1	1	1	1	1	1	1	1	1	1	1	1
1	1	1	1	2	1	1	1	1	1	2	1	1	1	1	1	1	2	1	1
1	1	1	1	1	1	2	1	2	1	1	1	1	1	1	1	1	1	1	1
1	1	1	1	1	1	1	1	1	1	1	1	1	1	1	1	2	2	1	1
1	1	1	1	1	1	1	1	1	1	1	1	1	1	1	1	1	1	1	1
1	1	1	1	1	1	1	1	1	1	1	2	1	1	1	1	1	1	1	1
2	1	1	2	1	1	1	1	1	1	1	1	1	1	1	1	1	1	1	1
1	2	1	1	1	1	1	1	1	1	1	1	1	1	2	1	1	1	1	1
1	1	1	1	1	1	1	1	1	1	1	1	1	2	1	1	1	1	1	1
1	1	1	1	1	1	1	1	1	1	1	1	1	1	1	1	1	1	2	1
1	1	1	1	1	1	1	1	1	1	1	1	1	1	1	1	1	1	1	1
1	1	1	1	1	1	1	2	1	1	1	1	1	1	1	2	1	1	1	1
1	1	1	1	1	1	1	2	1	1	1	1	1	1	1	1	1	1	1	1
1	1	1	1	1	1	1	1	1	2	1	1	1	1	1	1	1	1	1	1
1	1	1	1	1	1	1	1	1	1	1	1	2	1	1	1	1	1	1	1
1	1	1	1	1	1	1	1	1	1	1	1	1	1	1	1	1	1	1	1
1	1	2	1	1	1	1	1	1	1	1	1	1	1	1	1	1	1	1	1
1	1	1	1	1	1	1	1	1	1	1	1	1	1	2	1	1	1	1	1
1	1	1	1	1	1	1	1	1	1	1	2	1	1	1	1	1	1	1	1
1	2	1	1	1	1	1	1	1	1	1	2	1	1	1	1	1	1	1	1
1	1	1	1	1	1	1	1	1	1	1	1	1	1	1	1	1	1	1	1
1	1	1	1	1	1	1	1	1	1	1	1	1	1	1	1	1	1	1	1
1	1	1	1	1	1	1	1	1	1	1	1	1	1	1	1	1	1	1	1
1	1	1	1	1	1	1	1	1	1	1	1	1	1	1	1	1	1	2	2
1	1	1	1	1	1	1	1	1	1	2	1	1	1	1	1	1	1	1	1
1	1	1	1	1	1	1	1	1	1	1	1	2	1	1	1	1	1	2	1
1	1	1	2	1	1	1	1	1	1	1	1	1	1	1	1	1	1	1	1
1	1	1	1	1	1	1	1	1	1	1	1	1	1	1	1	1	1	1	1
2	1	1	2	1	1	1	1	1	1	1	1	1	1	1	1	1	1	1	1
1	2	1	1	1	1	1	1	1	1	1	1	1	1	1	1	1	1	1	1
1	2	1	1	1	1	1	1	1	2	1	1	1	1	1	1	1	1	1	1
1	1	1	2	1	1	1	1	1	1	1	1	1	1	1	1	1	1	1	1
1	1	1	1	1	1	1	1	1	1	1	1	1	1	1	1	1	1	1	1
1	1	1	1	1	1	1	1	1	1	1	1	1	1	2	1	1	1	1	1
1	1	1	1	1	1	1	2	1	1	1	1	1	1	2	1	1	1	1	1
2	1	1	1	1	1	1	1	1	1	1	1	1	1	1	2	1	1	1	1
1	1	1	1	1	1	1	1	1	1	1	1	1	1	1	1	1	1	1	1
1	1	1	1	1	2	1	1	1	1	1	1	1	1	1	1	1	1	1	2
1	1	1	1	1	1	1	1	1	2	1	1	1	1	1	1	1	1	1	1
1	1	1	1	1	1	1	1	1	1	1	1	1	1	1	1	1	1	1	1
1	1	1	1	1	1	1	1	1	1	1	1	2	1	1	1	2	1	1	1
1	2	1	2	1	2	1	1	1	1	1	1	1	1	1	1	1	2	1	1
1	1	1	1	1	1	1	1	1	1	1	2	1	1	1	1	1	1	1	2
1	1	1	2	1	1	1	1	1	1	1	1	1	1	1	1	1	1	1	1
2	1	1	1	1	1	1	1	1	1	2	1	1	1	1	1	1	1	1	1
1	1	1	2	1	1	1	1	1	1	1	1	1	1	1	1	1	1	1	1
1	1	1	1	1	1	1	1	1	1	2	1	2	1	1	1	1	1	1	1
1	1	1	2	1	1	1	1	2	1	1	1	2	1	2	1	2	1	1	1
1	1	1	1	1	2	1	1	1	1	1	1	1	1	1	1	1	1	1	1
1	1	1	1	1	1	1	1	1	1	1	1	1	1	1	1	1	1	1	2
1	1	1	1	1	1	1	1	1	1	1	1	1	1	1	1	1	1	1	1
1	1	1	1	1	1	1	1	1	1	1	1	1	1	1	1	1	2	1	1
1	1	1	1	1	1	1	1	1	1	1	1	1	1	1	1	1	1	1	1
1	1	1	1	1	1	1	1	1	1	1	1	1	1	1	1	1	1	1	2
1	1	1	1	1	2	1	1	1	1	1	1	1	1	1	1	1	1	1	1
1	1	1	1	1	1	1	1	1	1	1	1	2	1	1	1	1	1	1	1
1	1	1	1	1	1	1	1	1	1	1	1	1	1	1	1	1	1	1	1
1	1	1	1	2	1	1	1	1	1	1	1	1	1	1	1	1	1	1	1
1	1	1	1	1	1	1	1	2	1	1	2	1	1	1	1	1	1	1	1
1	1	1	1	1	1	1	1	1	1	2	1	1	1	1	1	1	1	1	1
1	1	1	1	1	1	1	2	1	1	1	1	1	1	1	1	1	1	1	1
1	2	1	1	1	2	1	1	1	1	1	1	1	1	1	1	1	1	1	1
1	1	1	1	1	1	1	1	1	1	1	1	1	1	1	1	2	1	1	1
1	1	1	1	1	1	1	1	1	1	1	1	1	1	1	1	1	1	2	1
1	1	1	1	1	1	1	1	1	1	1	1	1	1	1	1	1	1	1	1
1	1	1	1	2	1	1	2	1	1	1	1	2	1	1	2	1	1	1	1
1	1	1	1	1	2	1	1	1	1	1	1	1	1	1	1	1	1	1	1
1	1	2	1	1	1	1	1	1	1	1	1	1	2	1	1	2	1	1	1
1	1	1	1	1	1	1	1	2	1	1	1	1	1	1	2	1	1	1	1
1	1	1	1	1	1	1	1	1	1	1	1	1	1	1	2	1	1	1	1
1	1	1	1	2	1	1	1	1	1	1	1	1	1	1	1	1	1	1	1
1	1	1	1	1	1	1	1	1	1	1	1	1	1	1	2	2	1	1	1
2	1	1	1	1	1	1	1	1	1	1	1	1	1	1	1	1	1	1	1
1	1	1	1	1	1	1	1	1	1	1	1	1	1	2	1	1	1	1	1
1	1	1	1	2	1	1	2	2	1	1	1	1	1	1	1	2	1	1	1
1	2	1	1	1	1	1	1	1	1	1	1	1	1	1	1	1	1	1	1
1	1	1	1	1	1	1	1	2	1	1	1	1	1	1	1	1	1	1	2
1	1	1	1	1	1	1	1	1	1	1	1	1	1	1	1	1	1	1	1
1	1	1	1	1	1	1	1	2	1	2	1	1	1	1	1	1	1	1	1
1	1	1	1	1	1	1	1	1	1	1	1	1	1	1	1	1	1	1	1
1	1	2	2	1	1	1	1	1	1	1	1	1	1	1	1	1	1	1	1
1	1	1	1	1	1	2	1	1	1	1	1	1	1	1	1	1	1	1	1
1	1	1	1	1	1	1	1	1	1	1	1	1	1	1	1	1	1	1	1
1	1	1	1	1	1	2	1	1	1	1	1	1	1	1	1	2	2	1	1
1	1	2	1	1	1	1	1	1	1	1	1	1	1	1	1	1	1	1	1
2	2	1	1	1	1	1	1	1	1	1	1	2	1	1	1	1	1	1	1
1	2	1	1	1	1	1	1	1	1	2	1	1	1	1	1	1	1	1	1
1	1	1	1	1	1	1	1	2	1	1	2	1	1	1	1	1	1	1	1
1	1	1	1	1	2	1	1	1	1	1	2	1	1	1	1	1	1	1	1
1	1	1	1	1	1	1	1	1	2	1	1	1	1	1	2	1	1	1	1
1	1	1	2	1	1	1	1	1	1	1	1	1	1	1	1	1	1	1	1
1	1	1	1	1	1	1	2	1	1	1	1	1	1	1	1	1	1	1	1
1	1	1	1	1	1	1	1	1	1	1	2	1	1	1	1	1	1	1	1
1	1	1	1	1	2	1	1	1	1	1	1	1	2	1	1	1	1	2	1
2	1	1	1	1	1	1	1	1	1	1	1	1	1	1	1	1	1	1	1
1	1	1	1	1	1	1	1	1	1	1	1	1	1	1	1	1	1	1	1
1	1	1	1	1	1	1	1	1	1	1	1	1	1	1	1	1	1	1	1
1	1	1	1	1	1	2	1	1	1	1	1	1	1	1	1	1	1	1	1
1	1	1	1	1	1	1	1	2	1	1	1	1	1	1	1	1	1	1	1
1	1	1	1	1	1	1	1	1	1	1	1	1	1	1	1	1	1	1	1
1	1	1	1	1	1	1	1	1	1	1	1	1	1	1	1	1	1	1	1
2	1	2	1	1	1	1	1	1	1	1	1	1	2	1	1	1	1	1	1
1	1	1	1	1	1	1	1	1	1	1	1	1	1	1	1	1	2	1	1
1	1	1	1	1	1	1	1	1	1	1	1	1	1	1	1	1	2	1	1
1	1	1	1	1	1	1	1	1	1	2	1	1	1	1	1	1	1	1	1
1	1	2	1	2	1	1	2	1	1	1	1	1	1	1	1	1	1	1	1
1	1	1	1	1	1	1	1	1	1	1	1	1	1	1	1	1	1	1	1
1	1	1	1	1	1	1	1	1	1	1	1	1	1	1	1	1	1	1	1
1	1	1	1	1	1	1	1	1	1	1	1	1	1	1	1	1	2	1	1
1	1	1	1	1	1	1	1	1	1	1	1	1	1	1	1	2	1	1	1
2	1	1	1	1	2	1	1	1	1	1	1	1	1	1	1	1	1	1	2
1	1	1	1	1	1	1	1	1	1	1	1	1	1	1	1	1	1	1	1
1	1	1	1	1	1	1	2	1	1	1	2	1	1	1	1	1	1	2	1
1	1	1	1	1	1	1	1	1	1	1	1	1	1	1	2	1	1	1	1
1	1	1	1	1	1	1	1	1	1	1	1	1	1	1	1	1	2	1	1
1	1	1	1	1	1	1	1	1	1	1	1	1	1	1	1	1	1	1	1
2	1	1	1	1	1	1	1	1	1	2	1	1	1	1	1	1	1	1	1
1	1	1	2	1	1	1	1	1	1	1	1	1	1	1	1	1	1	1	1
1	1	1	1	2	1	1	1	1	1	1	1	1	1	1	1	1	1	1	1
1	1	1	1	1	1	1	1	1	1	1	2	1	1	1	1	1	2	1	1
1	1	1	1	1	1	1	1	1	1	2	1	1	1	2	1	1	1	1	1
1	2	1	1	1	1	2	1	1	1	2	1	1	1	1	1	1	1	1	1
1	1	1	1	1	1	1	1	1	1	1	1	1	1	1	1	1	1	1	1
1	1	1	1	1	1	1	1	1	1	1	1	1	1	1	1	1	1	1	1
1	1	2	1	1	1	1	2	1	1	1	1	1	1	1	1	1	1	1	1
2	1	1	1	2	1	1	1	1	1	1	1	1	1	1	1	1	1	1	1
1	1	1	1	1	1	1	1	1	1	1	1	1	1	1	1	1	1	1	1
2	2	2	1	1	1	2	1	1	1	1	1	1	1	1	2	1	2	1	1
1	1	1	2	1	1	2	1	1	1	1	1	1	1	1	1	1	1	1	1
1	2	1	1	1	1	2	1	1	1	1	1	1	1	1	1	1	1	1	1
1	2	1	1	1	1	1	1	1	1	1	1	1	1	1	1	1	1	1	1
1	1	2	1	1	1	1	1	1	1	1	1	1	1	1	1	1	1	1	1
1	1	1	1	1	1	1	1	2	1	1	1	1	1	1	1	1	1	1	1
1	2	1	1	1	1	1	1	1	1	1	1	1	1	1	1	1	1	1	1
1	1	1	1	1	1	1	1	1	1	1	1	1	1	1	1	1	1	1	1
1	1	1	1	1	1	1	1	1	1	1	1	1	1	1	1	1	1	1	1
1	1	1	1	1	1	1	1	1	2	1	1	1	1	2	1	1	2	1	1
1	1	1	1	1	1	1	1	1	1	1	1	2	1	1	2	1	1	1	1
1	1	1	1	1	1	1	1	1	1	1	2	1	1	1	1	1	1	1	1
1	1	1	1	2	1	1	1	1	1	1	2	1	1	1	1	1	1	1	1
1	1	1	1	1	1	1	1	1	1	1	1	1	1	1	1	1	1	1	1
1	1	1	1	1	1	1	1	1	1	1	1	1	1	1	1	1	1	1	1
1	1	1	1	1	1	1	1	1	1	1	1	1	1	1	1	1	1	1	1
1	1	1	1	1	2	2	1	1	1	1	1	1	2	1	1	1	1	1	1
1	1	1	1	1	1	1	1	2	2	1	1	1	1	1	1	1	1	1	1
1	1	1	1	1	1	1	1	1	1	1	1	1	1	1	1	1	1	1	1
1	2	2	1	1	1	1	1	1	1	1	1	2	1	1	1	1	1	1	1
1	1	1	1	1	1	1	1	1	1	1	1	1	1	1	1	1	1	1	1
1	1	1	1	1	1	2	1	1	1	1	1	1	1	1	1	1	1	1	1
1	1	1	1	1	1	1	1	1	1	1	1	1	1	1	1	1	1	1	1
1	1	1	1	1	1	1	1	1	1	1	1	1	1	1	1	1	1	1	1
1	1	1	1	1	1	1	1	1	1	1	2	1	1	1	1	1	1	1	1
1	1	1	1	1	1	1	1	1	1	1	1	1	1	2	1	1	1	1	1
1	1	1	1	1	1	1	1	1	1	1	1	1	1	1	1	1	1	1	1
1	2	1	1	1	1	1	2	1	1	1	1	2	1	1	1	1	1	1	2
1	1	1	1	1	1	1	1	1	1	1	1	1	1	1	1	1	1	1	1
1	1	1	1	1	1	1	1	1	1	1	1	1	1	1	2	1	1	1	1
1	1	1	1	1	1	1	1	1	1	1	1	1	1	1	1	1	1	1	1
1	1	1	1	1	1	1	1	1	1	1	1	1	1	1	1	2	1	1	1
1	1	1	1	2	1	1	1	1	1	1	2	1	1	1	1	1	1	1	1
1	1	1	1	1	1	1	1	1	1	1	1	1	1	1	1	2	1	1	2
1	1	1	1	1	1	1	1	1	1	1	1	1	1	1	1	1	1	1	1
1	1	1	1	1	1	1	1	1	1	1	1	1	1	1	1	1	1	1	1
1	1	1	1	1	1	1	1	1	1	1	1	1	1	2	1	1	1	1	1
1	1	1	1	1	2	1	1	1	1	1	1	1	1	1	1	1	1	1	1
1	1	1	1	1	1	1	1	1	1	1	1	1	1	1	1	1	1	1	1
1	1	1	1	1	1	1	1	1	1	1	1	1	1	1	1	1	1	1	1
1	1	1	1	1	1	1	1	1	1	1	1	1	1	1	1	1	1	1	1
1	1	1	1	1	1	1	1	1	1	1	1	1	1	1	1	2	1	1	1
1	1	1	1	1	1	1	1	1	1	1	1	1	1	1	1	1	1	1	1
2	1	1	1	1	1	1	1	1	1	1	1	1	1	2	1	1	1	1	1
1	1	1	2	1	1	1	2	1	1	1	1	1	1	1	1	1	1	1	1
1	1	1	2	1	2	1	1	1	1	1	2	1	1	1	1	2	1	1	1
1	1	1	1	1	1	1	1	1	2	1	2	1	1	1	1	1	1	1	1
1	1	1	1	1	1	1	1	1	1	1	1	1	1	1	1	1	1	1	1
1	1	1	1	1	1	2	1	1	1	1	1	2	1	2	1	1	1	1	1
1	1	1	1	1	1	1	1	1	1	1	1	1	2	2	1	2	1	1	1
1	1	1	1	2	2	1	1	1	1	1	1	1	1	1	1	1	1	1	1
1	1	1	2	1	2	1	1	1	1	1	1	1	1	1	1	1	1	1	1
2	1	1	1	1	1	1	1	1	1	1	1	1	1	1	1	1	1	1	1
1	1	1	1	1	1	1	1	1	1	1	1	1	2	1	1	1	1	1	1
1	2	1	1	1	1	1	2	1	1	1	1	1	1	1	1	1	1	1	1
1	1	1	1	1	2	1	1	1	1	1	1	1	1	1	1	1	1	1	1
1	1	1	1	1	1	1	1	1	1	1	1	1	1	2	1	1	1	1	1
2	1	1	1	1	1	2	1	1	1	1	1	1	1	1	2	1	1	1	1
1	1	1	1	1	1	1	1	2	1	1	1	1	1	1	1	1	1	1	1
1	2	1	2	1	1	1	1	1	1	1	1	1	1	1	1	1	1	1	1
1	1	1	1	1	1	1	1	1	1	1	1	1	1	1	1	1	1	1	1
1	1	1	1	1	1	1	1	1	1	1	1	1	1	1	1	1	1	1	1
1	1	1	1	1	1	1	1	1	1	1	1	1	1	2	1	2	1	1	1
1	1	1	1	1	1	1	1	1	1	1	1	1	1	1	1	1	1	2	1
1	2	1	1	1	1	1	1	1	1	1	1	1	1	1	1	1	1	1	1
1	1	1	1	1	1	1	2	1	1	1	1	1	1	2	1	1	1	1	1
2	1	1	1	1	1	1	1	1	1	1	2	2	1	1	1	1	1	1	1
1	1	1	1	1	1	1	1	1	1	1	1	1	1	1	1	1	1	1	1
1	1	1	1	1	1	1	1	1	1	1	1	1	1	1	1	1	1	1	2
1	1	1	1	1	2	1	1	1	1	1	1	1	1	1	1	1	1	1	1
1	1	1	1	2	1	1	1	1	1	1	1	1	1	1	1	1	1	1	1
1	2	1	1	1	1	1	1	1	1	1	1	1	1	1	1	1	1	1	1
1	1	1	1	1	1	1	1	1	1	1	1	1	1	1	1	1	1	1	1
1	1	1	1	1	1	1	1	1	1	1	1	1	2	1	1	2	1	1	2
1	1	1	1	1	1	1	1	1	1	1	1	1	1	1	1	1	1	1	1
1	1	1	1	1	1	1	1	1	2	1	1	1	2	1	1	1	1	2	1
1	1	1	1	1	1	1	1	1	1	1	1	1	1	1	1	1	1	1	1
1	1	1	1	1	1	1	1	1	1	1	1	1	1	1	1	1	2	1	1
1	1	2	1	1	1	1	2	1	1	1	1	1	1	1	2	1	1	1	1
1	1	1	1	2	1	1	1	1	1	1	1	1	1	1	1	1	1	1	1
1	1	1	1	1	1	1	1	1	1	1	1	1	1	1	1	1	2	1	1
1	1	1	1	1	1	1	1	1	1	1	1	1	1	1	1	1	1	1	1
1	1	1	1	1	1	1	1	1	1	1	1	1	2	1	1	1	1	1	1
1	1	1	1	1	1	1	1	1	1	2	1	1	1	2	1	1	1	2	1
1	1	1	1	1	1	1	1	1	1	1	1	1	1	1	1	1	1	1	1
1	1	1	1	1	1	1	1	1	1	1	1	1	1	1	1	1	1	1	1
1	2	2	1	1	1	1	1	1	1	1	1	1	1	1	1	1	2	1	1
1	1	1	1	1	1	1	1	1	1	1	1	1	1	1	1	1	2	1	1
2	1	1	1	1	1	1	2	1	1	1	1	1	1	1	1	1	1	1	2
1	2	1	1	1	1	1	1	1	1	1	1	1	1	1	1	1	1	1	2
1	1	1	2	1	1	1	1	1	1	1	1	1	1	1	1	1	1	2	1
1	1	1	1	1	1	1	1	1	2	1	1	1	1	1	1	1	1	1	1
1	1	1	1	1	1	2	1	1	1	1	1	1	1	1	1	1	1	1	1
1	1	1	1	1	2	1	1	1	1	1	1	1	2	1	2	1	1	1	1
2	1	1	1	1	1	1	1	1	1	1	1	1	1	1	1	1	1	1	2
1	1	1	1	1	2	1	1	1	1	2	1	1	1	1	1	1	1	1	1
1	1	1	1	1	1	2	1	1	1	1	1	1	1	1	1	1	1	1	1
2	1	2	1	1	1	1	1	1	1	1	1	1	1	1	1	1	1	1	1
1	1	1	1	1	1	1	1	1	1	1	1	1	1	1	1	1	2	1	1
1	1	1	1	1	1	1	1	1	1	1	1	1	1	1	1	1	1	1	1
2	1	1	1	1	1	1	1	1	1	1	1	1	1	1	1	1	1	1	1
1	1	1	1	1	1	1	1	1	1	1	1	1	1	1	1	1	1	1	1
1	1	1	1	1	1	1	1	2	1	1	1	1	1	1	1	1	1	1	1
1	1	1	1	1	1	2	1	1	1	1	1	1	1	1	1	1	1	1	1
1	1	1	1	1	1	1	1	1	1	1	1	1	1	1	1	1	1	1	1
1	1	1	1	1	1	1	1	1	1	1	1	1	1	1	2	1	2	1	1
1	2	1	1	2	1	1	1	1	1	1	2	1	1	1	1	2	1	1	1
1	1	2	1	1	1	1	1	1	1	1	1	1	1	1	1	1	1	1	1
1	1	1	1	1	1	1	1	1	1	1	1	1	1	1	1	1	2	1	2
1	1	1	1	1	1	1	1	1	1	1	1	1	1	1	1	1	1	2	1
1	1	1	1	1	1	1	1	1	1	1	1	1	1	1	1	1	1	1	1
1	1	1	1	1	1	1	1	1	1	1	1	1	1	1	1	1	1	1	1
1	1	1	1	1	1	1	1	1	1	1	1	1	1	1	1	1	1	1	1
1	1	2	1	1	1	1	1	1	1	1	1	1	1	1	1	1	2	1	1
1	1	1	1	1	1	1	1	2	1	1	1	1	1	1	1	1	1	1	1
1	1	2	1	1	2	1	1	1	1	1	1	1	1	1	1	1	1	1	1
1	1	1	1	1	1	1	1	1	1	1	1	1	1	1	1	1	1	1	1
1	1	1	1	1	1	1	1	1	1	1	1	1	2	2	1	1	1	2	1
1	1	1	1	1	1	1	1	1	1	1	1	2	1	1	1	1	1	1	1
1	1	1	1	2	1	1	1	1	1	2	1	1	1	1	1	1	1	1	1
1	1	1	1	2	1	1	1	1	1	1	1	1	1	1	1	1	1	1	1
1	1	1	1	1	1	1	1	1	1	1	1	1	1	1	1	1	1	1	1
1	1	1	1	1	1	2	1	1	1	1	1	1	1	1	1	1	1	1	1
1	1	1	1	1	1	1	2	1	1	2	1	1	1	1	1	1	1	1	2
1	1	1	1	1	1	1	1	1	1	1	1	1	1	1	1	1	1	1	1
1	1	1	1	1	1	1	1	1	1	2	1	1	1	1	1	1	1	1	1
1	1	1	1	1	1	1	1	1	1	1	1	1	1	1	1	2	1	1	1
1	1	1	1	1	2	1	1	2	1	1	1	1	1	1	1	1	1	1	1
1	1	1	1	1	1	1	1	1	1	1	1	1	1	1	1	1	1	1	1
1	1	1	1	1	1	1	1	1	1	1	1	1	1	1	1	1	1	1	2
1	1	2	1	1	1	1	1	1	1	2	1	1	1	1	1	1	1	1	1
1	1	1	1	1	1	1	1	1	2	1	1	1	1	1	1	1	1	1	1
1	1	1	1	1	1	1	1	1	1	1	1	1	1	1	1	1	1	1	1
1	1	1	1	1	1	1	1	2	1	1	1	1	1	1	1	1	2	1	1
1	1	2	1	1	1	2	1	1	1	1	1	2	1	1	2	1	1	1	1
1	1	1	1	1	1	1	1	1	1	2	1	1	1	1	1	1	1	1	1
1	1	1	1	1	2	2	1	2	1	1	1	1	1	1	1	1	1	1	1
1	1	1	1	1	1	2	1	1	1	1	1	1	1	1	1	1	2	1	1
1	1	1	1	1	1	1	1	1	2	2	1	1	1	1	1	1	1	1	1
1	1	1	1	1	1	1	1	2	1	1	1	1	1	1	1	1	2	1	1
1	1	1	1	1	1	1	1	2	1	1	1	1	2	2	1	1	1	1	2
1	1	1	1	1	1	1	1	1	1	1	1	1	1	1	1	1	1	1	1
1	1	1	1	1	1	1	1	1	1	1	1	1	1	1	1	1	1	1	1
1	2	1	1	1	1	1	1	1	1	1	1	1	1	1	1	1	1	1	1
